5

6 5
485 265
427 225
352 259
292 316
361 359
453 329
485 265
427 225
352 259
485 265
352 259
292 316
485 265
292 316
361 359
485 265
361 359
453 329
485 265
453 329
361 359

7 6
50 219
40 261
57 339
194 324
215 249
187 211
68 206
50 219
40 261
57 339
50 219
57 339
194 324
50 219
194 324
215 249
50 219
215 249
187 211
50 219
187 211
68 206
50 219
187 211
215 249

4 2
509 88
509 173
617 188
603 95
509 88
509 173
617 188
509 88
617 188
603 95

6 5
165 65
121 111
144 185
231 182
269 149
268 85
165 65
121 111
144 185
165 65
144 185
231 182
165 65
231 182
269 149
165 65
269 149
268 85
165 65
268 85
269 149

8 7
305 22
299 62
345 108
442 107
463 86
459 31
430 17
339 8
305 22
299 62
345 108
305 22
345 108
442 107
305 22
442 107
463 86
305 22
463 86
459 31
305 22
459 31
430 17
305 22
430 17
339 8
305 22
459 31
463 86
